cat	county	Total area km2	RSFbin	RSF m2	RSF km2
1	Oslo	454.09	1	353411133.24	353.41
2	Hedmark	27397.81	1	16685103310.52	16685.10
2	Hedmark	27397.81	2	2234034564.05	2234.03
2	Hedmark	27397.81	3	1355381069.35	1355.38
2	Hedmark	27397.81	4	984186160.88	984.19
2	Hedmark	27397.81	5	792682981.28	792.68
2	Hedmark	27397.81	6	747114757.22	747.11
2	Hedmark	27397.81	7	600513810.11	600.51
2	Hedmark	27397.81	8	570145493.93	570.15
2	Hedmark	27397.81	9	572256867.25	572.26
2	Hedmark	27397.81	10	616476008.36	616.48
3	Oppland	25192.09	1	14275553866.08	14275.55
3	Oppland	25192.09	2	1990562441.29	1990.56
3	Oppland	25192.09	3	1158453658.31	1158.45
3	Oppland	25192.09	4	940811209.09	940.81
3	Oppland	25192.09	5	739127358.17	739.13
3	Oppland	25192.09	6	698259774.70	698.26
3	Oppland	25192.09	7	697412885.40	697.41
3	Oppland	25192.09	8	658860972.66	658.86
3	Oppland	25192.09	9	712411195.84	712.41
3	Oppland	25192.09	10	561666701.10	561.67
4	Buskerud	14912.19	1	8754626747.97	8754.63
4	Buskerud	14912.19	2	1025101443.75	1025.10
4	Buskerud	14912.19	3	641571291.18	641.57
4	Buskerud	14912.19	4	592664109.32	592.66
4	Buskerud	14912.19	5	399567049.87	399.57
4	Buskerud	14912.19	6	345593832.04	345.59
4	Buskerud	14912.19	7	412620484.89	412.62
4	Buskerud	14912.19	8	395666499.17	395.67
4	Buskerud	14912.19	9	419114802.81	419.11
4	Buskerud	14912.19	10	552821612.89	552.82
5	Vestfold	2225.38	1	1645164806.77	1645.16
5	Vestfold	2225.38	2	221397.20	0.22
5	Vestfold	2225.38	3	7199.91	0.01
5	Vestfold	2225.38	4	3599.95	0.00
5	Vestfold	2225.38	5	899.99	0.00
6	Telemark	15298.23	1	9930624783.91	9930.62
6	Telemark	15298.23	2	995699715.36	995.70
6	Telemark	15298.23	3	543404131.92	543.40
6	Telemark	15298.23	4	409700021.80	409.70
6	Telemark	15298.23	5	308262303.87	308.26
6	Telemark	15298.23	6	305097043.88	305.10
6	Telemark	15298.23	7	287414967.36	287.41
6	Telemark	15298.23	8	277129897.36	277.13
6	Telemark	15298.23	9	308768097.48	308.77
6	Telemark	15298.23	10	446377258.24	446.38
7	Aust-Agder	9155.36	1	6239357439.77	6239.36
7	Aust-Agder	9155.36	2	695691207.16	695.69
7	Aust-Agder	9155.36	3	343652556.58	343.65
7	Aust-Agder	9155.36	4	236177714.95	236.18
7	Aust-Agder	9155.36	5	181030911.95	181.03
7	Aust-Agder	9155.36	6	176512069.06	176.51
7	Aust-Agder	9155.36	7	135238590.72	135.24
7	Aust-Agder	9155.36	8	113943959.86	113.94
7	Aust-Agder	9155.36	9	125995707.54	126.00
7	Aust-Agder	9155.36	10	137019668.21	137.02
8	Vest-Agder	7278.52	1	4549551398.11	4549.55
8	Vest-Agder	7278.52	2	551547229.00	551.55
8	Vest-Agder	7278.52	3	314439825.80	314.44
8	Vest-Agder	7278.52	4	198789487.50	198.79
8	Vest-Agder	7278.52	5	152848668.15	152.85
8	Vest-Agder	7278.52	6	171309234.82	171.31
8	Vest-Agder	7278.52	7	153961954.08	153.96
8	Vest-Agder	7278.52	8	146791744.70	146.79
8	Vest-Agder	7278.52	9	172411720.89	172.41
8	Vest-Agder	7278.52	10	251683618.97	251.68
9	Rogaland	9376.75	1	5042100772.52	5042.10
9	Rogaland	9376.75	2	966604883.09	966.60
9	Rogaland	9376.75	3	510325949.99	510.33
9	Rogaland	9376.75	4	328630846.44	328.63
9	Rogaland	9376.75	5	242467735.45	242.47
9	Rogaland	9376.75	6	243653020.47	243.65
9	Rogaland	9376.75	7	186942037.24	186.94
9	Rogaland	9376.75	8	158168500.91	158.17
9	Rogaland	9376.75	9	183606679.40	183.61
9	Rogaland	9376.75	10	194436242.52	194.44
10	Hordaland	15436.93	1	9791110347.31	9791.11
10	Hordaland	15436.93	2	1329738593.44	1329.74
10	Hordaland	15436.93	3	633270696.10	633.27
10	Hordaland	15436.93	4	458178809.08	458.18
10	Hordaland	15436.93	5	339210212.72	339.21
10	Hordaland	15436.93	6	343736255.52	343.74
10	Hordaland	15436.93	7	269104698.79	269.10
10	Hordaland	15436.93	8	224017968.64	224.02
10	Hordaland	15436.93	9	248346461.15	248.35
10	Hordaland	15436.93	10	333931779.44	333.93
11	Sogn og Fjordane	18622.15	1	10626600387.11	10626.60
11	Sogn og Fjordane	18622.15	2	1351707315.78	1351.71
11	Sogn og Fjordane	18622.15	3	712786491.10	712.79
11	Sogn og Fjordane	18622.15	4	539508981.15	539.51
11	Sogn og Fjordane	18622.15	5	469569065.12	469.57
11	Sogn og Fjordane	18622.15	6	501101066.59	501.10
11	Sogn og Fjordane	18622.15	7	364701490.54	364.70
11	Sogn og Fjordane	18622.15	8	282971723.52	282.97
11	Sogn og Fjordane	18622.15	9	307259716.55	307.26
11	Sogn og Fjordane	18622.15	10	377693726.33	377.69
12	Møre og Romsdal	15101	1	9482607746.63	9482.61
12	Møre og Romsdal	15101	2	1099758200.16	1099.76
12	Møre og Romsdal	15101	3	589455649.87	589.46
12	Møre og Romsdal	15101	4	395838397.00	395.84
12	Møre og Romsdal	15101	5	326040679.17	326.04
12	Møre og Romsdal	15101	6	348979589.25	348.98
12	Møre og Romsdal	15101	7	236811306.94	236.81
12	Møre og Romsdal	15101	8	183880275.94	183.88
12	Møre og Romsdal	15101	9	194785438.11	194.79
12	Møre og Romsdal	15101	10	226023143.29	226.02
13	Sør-Trøndelag	18847.6	1	4499.94	0.00
14	Sør-Trøndelag	18847.6	1	8382566950.62	8382.57
14	Sør-Trøndelag	18847.6	2	2128623396.34	2128.62
14	Sør-Trøndelag	18847.6	3	1281664801.05	1281.66
14	Sør-Trøndelag	18847.6	4	925686000.26	925.69
14	Sør-Trøndelag	18847.6	5	787404548.00	787.40
14	Sør-Trøndelag	18847.6	6	860108329.10	860.11
14	Sør-Trøndelag	18847.6	7	742889310.63	742.89
14	Sør-Trøndelag	18847.6	8	673204091.38	673.20
14	Sør-Trøndelag	18847.6	9	699723156.20	699.72
14	Sør-Trøndelag	18847.6	10	613335048.06	613.34
15	Sør-Trøndelag	18847.6	1	12599.84	0.01
16	Nord-Trøndelag	22418.09	1	10243504929.26	10243.50
16	Nord-Trøndelag	22418.09	2	2704789814.18	2704.79
16	Nord-Trøndelag	22418.09	3	1542181808.37	1542.18
16	Nord-Trøndelag	22418.09	4	997808388.71	997.81
16	Nord-Trøndelag	22418.09	5	792176287.69	792.18
16	Nord-Trøndelag	22418.09	6	900607817.22	900.61
16	Nord-Trøndelag	22418.09	7	813416019.24	813.42
16	Nord-Trøndelag	22418.09	8	705944777.57	705.94
16	Nord-Trøndelag	22418.09	9	767986393.42	767.99
16	Nord-Trøndelag	22418.09	10	570578388.46	570.58
17	Nordland	38474.55	1	21871337259.00	21871.34
17	Nordland	38474.55	2	4553260251.24	4553.26
17	Nordland	38474.55	3	2066657379.53	2066.66
17	Nordland	38474.55	4	1077150485.90	1077.15
17	Nordland	38474.55	5	806407807.82	806.41
17	Nordland	38474.55	6	896214972.74	896.21
17	Nordland	38474.55	7	718355620.71	718.36
17	Nordland	38474.55	8	607691219.39	607.69
17	Nordland	38474.55	9	692345049.46	692.35
17	Nordland	38474.55	10	458847500.63	458.85
18	Troms	25876.79	1	13703769493.16	13703.77
18	Romsa	25876.79	2	3111935668.27	3111.94
18	Romsa	25876.79	3	1641140057.64	1641.14
18	Romsa	25876.79	4	892674417.49	892.67
18	Romsa	25876.79	5	656821598.44	656.82
18	Romsa	25876.79	6	650959072.53	650.96
18	Romsa	25876.79	7	566989233.83	566.99
18	Romsa	25876.79	8	521420109.77	521.42
18	Romsa	25876.79	9	578642286.54	578.64
18	Romsa	25876.79	10	339132813.70	339.13
19	Finnmark	48631.31	1	11107152013.17	11107.15
19	Finnmark	48631.31	2	9608849151.00	9608.85
19	Finnmark	48631.31	3	6064458150.42	6064.46
19	Finnmark	48631.31	4	3960099348.33	3960.10
19	Finnmark	48631.31	5	3219839804.47	3219.84
19	Finnmark	48631.31	6	2495610857.99	2495.61
19	Finnmark	48631.31	7	2552359640.74	2552.36
19	Finnmark	48631.31	8	1995106483.86	1995.11
19	Finnmark	48631.31	9	1489443374.93	1489.44
19	Finnmark	48631.31	10	677350338.97	677.35
20	Østfold	4187.22	1	3095570275.11	3095.57
21	Akerhus	4917.94	1	3666652657.20	3666.65
21	Akerhus	4917.94	2	5343232.47	5.34
21	Akerhus	4917.94	3	1064686.54	1.06
21	Akerhus	4917.94	4	107998.64	0.11
21	Akerhus	4917.94	5	22499.72	0.02
21	Akerhus	4917.94	6	17999.77	0.02
21	Akerhus	4917.94	7	15299.81	0.02
21	Akerhus	4917.94	8	13499.83	0.01
21	Akerhus	4917.94	9	9899.87	0.01
21	Akerhus	4917.94	10	1799.98	0.00
